11111111111111111111111111111111111111111111111111111111111111111111111111111111111111111111111111110000000000000000222222222222222222222202222222222222222222222222222222222222222222222222222222222222222222222222222222
11111111111111111111111111111111111111111111111111111111111111111111111111111111111111111111111111110000000000000000022222222222222222222222222222222222222222222222222222222222222222222222222222222222222222222222222222
11111111111111111111111111111111111111111111111111111111111111111111111111111111111111111111111111110000000000000000022222222222222222222222222222222222222222222222222222222222222222222222222222222222222222222222222222
00000000000000000000000000000000000000011111111100000000000000000010000000000000000000000000000001000000000000000000000000000000000000000000002222222222222222222222222222222222222222222222222222222222222222222222222220
00000000000000000000000000000000000000000000000000000000000000000000000000000000000000000000000000000444444444444444400000000000000000000000000000000000000000000000000000000000000000000000000000000000000000000000000000
00000000000000000000000000000000000000000000000000000000000000000000000000000000000000000000000000000044444444444444000000000000000000000000000000000000000000000000000000000000000000000000000000000000000000000000000000
00000000000000000000000000000000000000000000000000000000000000000000000000000000000000000000000000000044444444444440000000000000000000000000000000000000000000000000000000000000000000000000000000000000000000000000000000
00000000000000000000000000000000000000000000000000000000000000000000000000000000000000000000000000000044444444444400000000000000000000000000000000000000000000000000000000000000000000000000000000000000000000000000000000
00000000000000000000000000000000000000000000000000000000000000000000000000000000000000000000000000000004444444444000000000000000000000000000000000000000000000000000000000000000000000000000000000000000000000000000000000
00000000000000000000000000000000000000000000000000000000000000000000000000000000000000000000000000000000444444440000000000000000000000000000000000000000000000000000000000000000000000000000000000000000000000000000000000
00000000000000000000000000000000000000000000000000000000000000000000000000000000000000000000000000000000004444000000000000000000000000000000000000000000000000000000000000000000000000000000000000000000000000000000000000
00000000000000000000000000000000000000000000000000000000000000000000000000000000000000000000000000000000000000000000000000000000000000000000000000000000000000000000000000000000000000000000000000000000000000000000000000
00000000000000000000000000000000000000000000000000000000000000000000000000000000000000000000000000000055000000000000000000000000000000000000000000000000000000000000000000000000000000000000000000000000000000000000000000
00000000000000066600000000000007777777777777777777770000000088888800000000008888880000000055555555555555555500000000000000000000000000000000000000000000000000000000000000000000000000000000000000000000000000000000000000
00000000000066666660000000000777777777777777777777777000000888888800000000008888888000000555555555555555555550000000000000000000000000000000000000000000000000000000000000000000000000000000000000000000000000000000000000
0000000000006666666000000000077777777777777777777777700000088888888000000000888888800000055555555555555555555500000000000000000000000000000000015151515151515151515150000000000000001616161616161616161616000000000000000171717171717171717170000000000000
0000000000006666666000000000077777777777777777777777700000088888888000000000888888800000055555555555555555555550000000000000000000000000000001515151515151515151515151515000000000000016161616161616161616161616000000000000171717171717171717171717171700000000000
0000000000066666666000000000077777777777777777777777700000088888888000000000888888800000055555555555555555555550000000000000000000000000000015151515151515151515151515151515000000000001616161616161616161616161616160000000000171717171717171717171717171717170000000000
0000000000066666666000000000007777777777777777777777700000088888888800000000888888800000055555555555555555555555000000000000000000000000000151515151515151515151515151515151515000000000161616161616161616161616161616161600000000171717171717171717171717171717171717000000000
000000000066666666600000000000777777777777777777777770000008888888880000000088888880000005555555555555555555555500000000000000000000000000151515151515151515151515151515151515151500000001616161616161616161616161616161616161600000001717171717171717171717171717171717171700000000
00000000066666666660000000000077777777777777777777770000000888888888000000008888888000000555555555555555555555555000000000000000000000000001515151515151515151515151515151515151500000001616161616161616161616161616161616161600000001717171717171717171717171717171717171700000000
000000006666666666600000000000777777700000000000000000000008888888888000000088888880000005555555500000000555555550000000000000000000000000000151515151500001515151515151515000000016161616161616160016161616161616161616000000017171717171717171717171717171717171700000000
00000000666666666660000000000077777700000000000000000000000888888888800000008888888000000555555500000000055555555000000000000000000000000000000000000000151515151515000000016161616161600000001616161616161600000000017171700000017171717171717170000000
0000000666666666666000000000007777770000000000000000000000088888888888000000888888800000055555550000000000555555500000000000000000000000000000000000000015151515151500000001616161616160000000161616161616160000000000000000000171717171717170000000
000000066666666666600000000000777777000000000000000000000008888888888800000088888880000005555555000000000055555550000000000000000000000000000000000000001515151515150000000161616161600000000161616161616160000000000000000000171717171717170000000
000000066666666666600000000000777777000000000000000000000008888888888800000088888880000005555555000000000055555550000000000000000000000000000000000000001515151515150000000161616161600000000161616161616160000000000000000000171717171717170000000
0000000666666666666000000000007777770000000000000000000000088888888888800000888888800000055555550000000000555555500000000000000000000000000000000000000015151515151500000001616161616160000000161616161616160000000000000000000171717171717170000000
0000000666666666666000000000007777770000000000000000000000088888888888800000888888800000055555550000000000555555500000000000000000000000000000000000000015151515151500000001616161616160000000161616161616160000000000000000000171717171717170000000
0000000666666666666000000000007777770000000000000000000000088888888888800000888888800000055555550000000005555555500000000000000000000000000000000000000015151515151500000001616161616160000000161616161616160000000000000000000171717171717170000000
000000000006666666600000000000777777000000000000000000000008888888888888000088888880000005555555000000000555555550000000000000000000000000000000000000001515151515150000000161616161600000000161616161616160000000000000000000171717171717170000000
0000000000006666666000000000007777777000000000000000000000088888888888880000888888800000055555555000000055555555500000000000000000000000000000000000000015151515151500000001616161616160000000161616161616160000000000000000000171717171717170000000
00000000000066666660000000000077777777707770000000000000000888888888888800008888888000000555555555555555555555550000000000000000000000000000000000000001515151515151500000001616161616000000001616161616161600000000000000000017171717171717170000000
000000000000666666600000000000777777777777777000000000000008888888888888800088888880000005555555555555555555555500000000000000000000000000000000000001515151515151515150000000161616161616000000016161616161616000000000000000001717171717171717170000000
00000000000066666660000000000077777777777777700000000000000888888888888880008888880000000555555555555555555555550000000000004141410000000000000000000151515151515151515151500000000161616161616000000016161616161616000000000000017171717171717171717171700000000
00000000000066666660000000000077777777777777700000000000000888888888888888008888880000000555555555555555555555500000000000414141414141000000000000000000151515151515151515151500000000161616161616000000016161616161616000000000000017171717171717171717171700000000
0000000000006666666000000000007777777777777770000000000000088888888888888888888888000000055555555555555555555555000000000041414141414141000000000000000001515151515151515151515000000001616161616160000001616161616161616000000000000017171717171717171717171700000000
000000000000666666600000000000777777777777777000000000000008888888888888888888888800000005555555555555555555555500000000004141414141414100000000000000000151515151515151515151500000000161616161616161616161616161616161616161600000000000001717171717171717171717000000000
00000000000066666660000000000077777777777777700000000000000888888888888888888888880000000555555555555555555555550000000000041414141410000000000000000001515151515151515151515000000001616161616161616161616161616161616161616000000000000017171717171717171717171700000000
00000000000066666660000000000077777777777777000000000000000888888800888888888888880000000555555550000000555555550000000000004141000000000000000000000151515151515151515151500000001616161616161616161616161616161616161616000000000000017171717171717171717171700000000
000000000000666666600000000007777777000000000000000000000008888888008888888888888800000005555555000000000555555500000000000000000000000000000000000000015151515151515000000001616161616161616161616161616161616161600000000000000171717171717171717171700000000
0000000000006666666000000000077777770000000000000000000000088888880008888888888888000000055555550000000005555555500000000000000000000000000000000000000015151515151500000000016161616161616161616161616161616161600000000000000000017171717171717170000000
00000000000066666660000000000777777700000000000000000000000888888800088888888888880000000555555500000000055555555000000000000000000000000000000000000000151515151515000000000016161616161616161616161616161616160000000000000000000171717171717170000000
000000000000666666600000000007777777000000000000000000000008888888000888888888888800000005555555000000000555555550000000000000000000000000000000000000001515151515150000000000001616161616161616161616161616160000000000000000000171717171717170000000
0000000000006666666000000000077777770000000000000000000000088888880000888888888888000000055555550000000005555555500000000000000000000000000000000000000015151515151500000000000000000000161616161616160000000000000000000171717171717170000000
0000000000006666666000000000077777770000000000000000000000088888880000888888888888000000055555550000000005555555500000000000000000000000000000000000000015151515151500000000000000000000161616161616160000000000000000000171717171717170000000
0000000000006666666000000000077777770000000000000000000000088888880000888888888888000000055555550000000005555555500000000000000000000000000000000000000015151515151500000000000000000000161616161616160000000000000000000171717171717170000000
0000000000006666666000000000077777770000000000000000000000088888880000088888888888800000055555550000000005555555500000000000000000000000000000000000000015151515151500000000000000000000161616161616160000000000000000000171717171717170000000
00000000000066666660000000000777777700000000000000000000000888888800000888888888888000000555555500000000055555555000000000000000000000000000000000000000151515151515000000000000000000016161616161616160000000000000000000171717171717170000000
0000000000006666666000000000077777770000000000000000000000088888880000088888888888800000055555550000000005555555500000000000000000000000000000000000000015151515151500000000000000000001616161616161600000000000000000000171717171717170000000
00000000000066666660000000000777777700000000000000000000000888888800000088888888888000000555555500000000055555555000000000000000000000000000000000000000151515151515000000000000000000161616161616161600000000000000000000171717171717170000000
000000000000666666600000000007777777000000000000000000000008888888000000888888888880000005555555000000000555555550000000000000000000000000000000000000001515151515150000000000000000016161616161616161600000000000000000000171717171717170000000
0000000000006666666000000000077777777000000000000000000000088888880000000888888888800000055555555555555555555555500000000000000000000000000000000000000015151515151500000000000000001616161616161616160000000000000000000017171717171717170000000
000000000000666666600000000007777777777777777777777700000008888888000000088888888880000005555555555555555555555500000000000000000000000000052525252525200000015151515151515000000000000016161616161616161616160000000000055555555000001717171717171717170000000
0000000000006666666000000000077777777777777777777777000000088888880000000888888888800000055555555555555555555555000000000000000000000000001515151515151515151515151515151515151515000000000001616161616161616161616161600000000017171717171717171717171717171717171717170000000
00000000000066666660000000000777777777777777777777777000000888888800000000888888888000000555555555555555555555500000000000000000000000000015151515151515151515151515151515151515000000000000161616161616161616161616000000000171717171717171717171717171717171717171700000000
0000000000006666666000000000077777777777777777777777700000088888880000000088888888800000055555555555555555555550000000000000000000000000001515151515151515151515151515151515151500000000000016161616161616161616160000000000171717171717171717171717171717171717171700000000
00000000000066666660000000000777777777777777777777770000000888888800000000088888888000000555555555555555555555000000000000000000000000000001515151515151515151515151515151515000000000000016161616161616161616000000000000171717171717171717171717171717171717000000000
00000000000066666660000000000777777777777777777777770000000888888800000000088888880000000555555555555555555500000000000000000000000000000000151515151515151515151515151515000000000000001616161616161616000000000000000171717171717171717171717171717170000000000
0000000000000666660000000000007777777777777777777770000000008888800000000000088880000000005555555555555550000000000000000000000000000000000000151515151515151515151500000000000000001616161616160000000000000000001717171717171717171717171717000000006100
00000000000000000000000000000000000000000000000000000000000000000000000000000000000000000000000000000000000000000000000000000000000000000000000000000000000000000000000000000000000000000000000000000000000000000000006161610
00000000000000000000000000000000000000000000000000000000000000000000000000000000000000000000000000000000000000000000000000000000000000000000000000000000000000000000000000000000000000000000000000000000000000000000000000
