11111111111111111111111111111111111111111111111111111111111111111111111111111111111111111111111111111111111111111111111111111111111111111111111111111111111111111111111111111111111111
11111111100000000000000000000000000000000000000000000000000000000000000000000000000000000000000000000000000000000000000000000000000000000000000000000000000000000000000000011111111111
11111110000000000000000000000000000000000000000000000000000000000000000000000000000000000000000000000000000000000000000000000000000000000000000000000000000000000000000000000011111111
11111000000000000000000000000000000000000000000000000000000000000000000000000000000000000000000000000000000000000000000000000000000000000000000000000000000000000000000000000001111111
11110000000000000000000000000000000000000000000000000000000000000000000000000000000000000000000000000000000000000000000000000000000000000000000000000000000000000000000000000000011111
11100000000000000000000000000000000000000000000000000000000000000000000000000000000000000000000000000000000000000000000000000000000000000000000000000000000000000000000000000000001111
11000000000000000000000000000000000000000000000000000000000000000000000000000000000000000000000000000000000000000000000000000000000000000000000000000000000000000000000000000000000111
11000000000000000000000000000000000000000000000000000000000000000000000000000000000000000000000000000000000000000000000000000000000000000000000000000000000000000000000000000000000111
10000000000000000000000000000000000000000000000000000000000000000000000000000000000000000000000000000000000000000000000000000000000000000000000000000000000000000000000000000000000011
10000000000000000000000000000000000000000000000000000000000000000000000000000000000000000000000000000000000000000000000000000000000000000000000000000000000000000000000000000000000011
10000000000000000000000000000000000000000000000000000000000000000000000000000000000000000000000000000000000000000000000000000000000000000000000000000000000000000000000000000000000011
10000000000000000000000000000000000000000000000000000000000000000000000000000000000000000000000000000000000000000000000000000000000000000000000000000000000000000000000000000000000011
10000000000000000000000000000000000000000000000000000000000000000000000000000000000000000000000000000000000000000000000000000000000000000000000000000000000000000000000000000000000011
10000000000000000000000000000000000000000000000000000000000000000000000000000000000000000000000000000000000000000000000000000000000000000000000000000000000000000000000000000000000011
10000000000000000000000000000000000000000000000000000000000000000000000000000000000000000000000000000000000000000000000000000000000000000000000000000000000000000000000000000000000011
10000000000000222222200000000000000000000000000000000000000000000000000000000000000000000000000000000000000000000000000000000000000000000000000000000000000000000000000000000000000011
10000000000022222222222000000000000000000000000000000000000000000000000000000000000000000000000000000000000000000000000000000000000000000000000000000000000000000000000000000000000011
10000000000222200000222200000000000000000000000000000000000000000000000000000000000000000000000000000000000000000000000000000000000000000000000000000000000000000000000000000000000011
10000000002222000000022220000000000000000000000000000000000000000000000000000000000000000000000000000000000000000000000000000000000000000000000000000000000000000000000000000000000011
10000000002220000000002220000000000000000000000000000000000000000000000000000000000000000000000000000000000000000000000000000000000000000000000000000000000000000000000000000000000011
10000000002200000000000220000000000000000000000000000000000000000000000000000000000000000000000000000000000000000000000000000000000000000000000000000000000000000000000000000000000011
10000000022200000000000220000000000000000000000000000000000000000000000000000000000000000000000000000000000000000000000000000000000000000000000000000000000000000000000000000000000011
10000000022200000000000220000000000000000000000000000000000000000000000000000000000000000000000000000000000000000000000000000000000000000000000000000000000000000000000000000000000011
10000000000000000000000220000000000000000000000000000000000000000000000000000000000000000000000000000000000000000000000000000000000000000000000000000000000000000000000000000000000011
10000000000000000000002220000000000000000000000000000000000000000000000000000000000000000000000000000000000000000000000000000000000000000000000000000000000000000000000000000000000011
10000000000000000000002220000000000000000000000000000000000000000000000000000000000000000000000000000000000000000000000000000000000000000000000000000000000000000000000000000000000011
10000000000000000000022200000000000000000000000000000000000000000000000000000000000000000000000000000000000000000000000000000000000000000000000000000000000000000000000000000000000011
10000000000000000000222200000000000000000000000000000000000000000000000000000000000000000000000000000000000000000000000000000000000000000000000000000000000000000000000000000000000011
10000000000000000022222000000000000000000000000000000000000000000000000000000000000000000000000000000000000000000000000000000000000000000000000000000000000000000000000000000000000011
10000000000000000222220000000000000000000000000000000000000000000000000000000000000000000000000000000000000000000000000000000000000000000000000000000000000000000000000000000000000011
10000000000000022222000000000000000000000000000000000000000000000000000000000000000000000000000000000000000000000000000000000000000000000000000000000000000000000000000000000000000011
10000000000000222200000000000000000000000000000000000000000000000000000000000000000000000000000000000000000000000000000000000000000000000000000000000000000000000000000000000000000011
10000000000002220000000000000000000000000000000000000000000000000000000000000000000000000000000000000000000000000000000000000000000000000000000000000000000000000000000000000000000011
10000000000022200000000000000000000000000000000000000000000000000000000000000000000000000000000000000000000000000000000000000000000000000000000000000000000000000000000000000000000011
10000000000222000000000000000000000000000000000000000000000000000000000000000000000000000000000000000000000000000000000000000000000000000000000000000000000000000000000000000000000011
10000000002220000000000000000000000000000000000000000000000000000000000000000000000000000000000000000000000000000000000000000000000000000000000000000000000000000000000000000000000011
10000000002220000000000220000000000000000000000000000000000000000000000000000000000000000000000000000000000000000000000000000000000000000000000000000000000000000000000000000000000011
100000000222000000000002200000000000000000000000000000000000000000000000000000000000000000020000000000000000000000000000000000000000000000000000000000000000000000000000000000000000011
10000000022200000000000220000000000000000000000000000000000000000000000000000000000000000020202000000000000000000000000000000000000000000000000000000000000000000000000000000000000000011
1000000002200000000000022000000000000000000000000000000000000000000000000000000000000000020202020200000000000000000000000000000000000000000000000000000000000000000000000000000000000000011
100000000222000000000022200000000000000000000000000000000000000000000000000000000000000020202020202020000000000000000000000000000000000000000000000000000000000000000000000000000000000000011
1000000002222222222222222000000000000000000000000000000000000000000000000000000000000002020202020202020000000000000000000000000000000000000000000000000000000000000000000000000000000000000011
100000000222222222222222200000000000000000000000000000000000000000000000000000000000002020202020202020202000000000000000000000000000000000000000000000000000000000000000000000000000000000000011
1000000000000000000000000000000000000000000000000000000000000000000000000000000000000020202020202020202020200000000000000000000000000000000000000000000000000000000000000000000000000000000000011
100000000000000000000000000000000000000000000000000000000000000000000000000000000000020202020202020202020202020000000000000000000000000000000000000000000000000000000000000000000000000000000000011
10000000000000000000000000000000000000000000000000000000000000000000000000000000000020202020202020202020202020202000000000000000000000000000000000000000000000000000000000000000000000000000000000011
100000000000000000000000000000000000000000000000000000000000000000000000000000000002020202020202020202020202020202000000000000000000000000000000000000000000000000000000000000000000000000000000000011
100000000000000030000000000000000000000000000000000000000000000000000000000000000002020202020202020202020202020202020200000000000000000000000000000000000000000000000000000000000000000000000000000000011
1000000000000003030300000000000000000000000000000000000000000000000000000000000000002020202020202020202020202020202020202020000000000000000000000000000000000000000000000000000000000000000000000000000000011
100000000000000303030300000000000000000000000000000000000000000000000000000000000000020202020202020202020202020202020202020202000000000000000000000000000000000000000000000000000000000000000000000000000000011
1000000000000030303030303000000000000000000000000000000000000000000000000000000000000020202020202020202020202020202020202020202020200000000000000000000000000000000000000000000000000000000000000000000000000000011
1000000000000303030303030303000000000000000000000000000000000000000000000000000000000002020202020202020202020202020202020202020202020200000000000000000000000000000000000000000000000000000000000000000000000000000011
1000000000003030303030303030300000000000000000000000000000000000000000000000000000000002020202020202020202020202020202020202020202020202020000000000000000000000000000000000000000000000000000000000000000000000000000011
10000000000303030303030303030303000000000000000000000000000000000000000000000000000000002020202020202020202020202020202020202020202020202020202000000000000000000000000000000000000000000000000000000000000000000000000000011
100000000030303030303030303030303030000000000000000000000000000000000000000000000000000002020202020202020202020202020202020202020202020202020202020200000000000000000000000000000000000000000000000000000000000000000000000000011
10000000003030303030303030303030303030000000000000000000000000000000000000000000000000000020202020202020202020202020202020202020202020202020202020202020000000000000000000000000000000000000000000000000000000000000000000000000011
1000000000303030303030303030303030303000000000000000000000000000000000000000000000000000020202020202020202020202020202020202020202020202020202020202020202000000000000000000000000000000000000000000000000000000000000000000000000011
1000000000303030303030303030303030300000000000000000000000000000000000000000000000000002020202020202020202020202020202020202020202020202020202020202020202000000000000000000000000000000000000000000000000000000000000000000000000011
10000000000303030303030303030303030000000000000000000000000000000000000000000000000002020202020202020202020202020202020202020202020202020202020202020202020200000000000000000000000000000000000000000000000000000000000000000000000011
1000000000003030303030303030303000000000000000000000000000000000000000000000000000020202020202020202020202020202020202020202020202020202020202020202020202020000000000000000000000000000000000000000000000000000000000000000000000011
10000000000003030303030303030000000000000000000000000000000000000000000000000000020202020202020202020202020202020202020202020202020202020202020202020202020000000000000000000000000000000000000000000000000000000000000000000000011
100000000000030303030303030000000000000000000000000000000000000000000000000000002020202020202020202020202020202020202020202020202020202020202020202020200000000000000000000000000000000000000000000000000000000000000000000000011
10000000000000303030303000000000000000000000000000000000000000000000000000000002020202020202020202020202020202020202020202020202020202020202020202000000000000000000000000000000000000000000000000000000000000000000000000011
1000000000000003030300000000000000000000000000000000000000000000000000000000002020202020202020202020202020202020202020202020202020202020202020000000000000000000000000000000000000000000000000000000000000000000000000011
10000000000000003030000000000000000000000000000000000000000000000000000000000020202020202020202020202020202020202020202020202020202020202020000000000000000000000000000000000000000000000000000000000000000000000000011
1000000000000000000000000000000000000000000000000000000000000000000000000000020202020202020202020202020202020202020202020202020202020200000000000000000000000000000000000000000000000000000000000000000000000000011
100000000000000000000000000000000000000000000000000000000000000000000000000002020202020202020202020202020202020202020202020202020202000000000000000000000000000000000000000000000000000000000000000000000000000011
1000000000000000000000000000000000000000000000000000000000000000000000000000002020202020202020202020202020202020202020202020202020000000000000000000000000000000000000000000000000000000000000000000000000000011
10000000000000000000000000000000000000000000000000000000000000000000000000000002020202020202020202020202020202020202020202020200000000000000000000000000000000000000000000000000000000000000000000000000000011
100000000000000000000000000000000000000000000000000000000000000000000000000000002020202020202020202020202020202020202020202000000000000000000000000000000000000000000000000000000000000000000000000000000011
10000000000000000000000000000000000000000000000000000000000000000000000000000000020202020202020202020202020202020202020202000000000000000000000000000000000000000000000000000000000000000000000000000000011
100000000000000000000000000000000000000000000000000000000000000000000000000000000020202020202020202020202020202020202020000000000000000000000000000000000000000000000000000000000000000000000000000000011
10000000000000000000000000000000000000000000000000000000000000000000000000000000002020202020202020202020202020202020200000000000000000000000000000000000000000000000000000000000000000000000000000000011
100000000000000000000000000000000000000000000000000000000000000000000000000000000002020202020202020202020202020202000000000000000000000000000000000000000000000000000000000000000000000000000000000011
1000000000000000000000000000000000000000000000000000000000000000000000000000000000002020202020202020202020202020000000000000000000000000000000000000000000000000000000000000000000000000000000000011
100000000000000000000000000000000000000000000000000000000000000000000000000000000000020202020202020202020202020000000000000000000000000000000000000000000000000000000000000000000000000000000000011
1000000000000000000000000000000000000000000000000000000000000000000000000000000000000020202020202020202020200000000000000000000000000000000000000000000000000000000000000000000000000000000000011
100000000000000000000000000000000000000000000000000000000000000000000000000000000000002020202020202020202000000000000000000000000000000000000000000000000000000000000000000000000000000000000011
1000000000000000000000000000000000000000000000000000000000000000000000000000000000000002020202020202020000000000000000000000000000000000000000000000000000000000000000000000000000000000000011
10000000000000000000000000000000000000000000000000000000000000000000000000000000000000002020202020200000000000000000000000000000000000000000000000000000000000000000000000000000000000000011
100000000000000000000000000000000000000000000000000000000000000000000000000000000000000002020202000000000000000000000000000000000000000000000000000000000000000000000000000000000000000011
10000000000000000000000000000000000000000000000000000000000000000000000000000000000000000020202000000000000000000000000000000000000000000000000000000000000000000000000000000000000000011
100000000000000000000000000000000000000000000000000000000000000000000000000000000000000000020000000000000000000000000000000000000000000000000000000000000000000000000000000000000000011
10000000000000000000000000000000000000000000000000000000000000000000000000000000000000000000000000000000000000000000000000000000000000000000000000000000000000000000000000000000000011
10000000000000000000000000000000000000000000000000000000000000000000000000000000000000000000000000000000000000000000000000000000000000000000000000000000000000000000000000000000000011
10000000000000000000000000000000000000000000000000000000000000000000000000000000000000000000000000000000000000000000000000000000000000000000000000000000000000000000000000000000000011
10000000000000000000000000000000000000000000000000000000000000000000000000000000000000000000000000000000000000000000000000000000000000000000000000000000000000000000000000000000000011
10000000000000000000000000000000000000000000000000000000000000000000000000000000000000000000000000000000000000000000000000000000000000000000000000000000000000000000000000000000000011
10000000000000000000000000000000000000000000000000000000000000000000000000000000000000000000000000000000000000000000000000000000000000000000000000000000000000000000000000000000000011
10000000000000000000000000000000000000000000000000000000000000000000000000000000000000000000000000000000000000000000000000000000000000000000000000000000000000000000000000000000000011
10000000000000000000000000000000000000000000000000000000000000000000000000000000000000000000000000000000000000000000000000000000000000000000000000000000000000000000000000000000000011
10000000000000000000000000000000000000000000000000000000000000000000000000000000000000000000000000000000000000000000000000000000000000000000000000000000000000000000000000000000000011
10000000000000000000000000000000000000000000000000000000000000000000000000000000000000000000000000000000000000000000000000000000000000000000000000000000000000000000000000000000000011
10000000000000000000000000000000000000000000000000000000000000000000000000000000000000000000000000000000000000000000000000000000000000000000000000000000000000000000000000000000000011
10000000000000000000000000000000000000000000000000000000000000000000000000000000000000000000000000000000000000000000000000000000000000000000000000000000000000000000000000000000000011
10000000000000000000000000000000000000000000000000000000000000000000000000000000000000000000000000000000000000000000000000000000000000000000000000000000000000000000000000000000000011
10000000000000000000000000000000000000000000000000000000000000000000000000000000000000000000000000000000000000000000000000000000000000000000000000000000000000000000000000000000000011
10000000000000000000000000000000000000000000000000000000000000000000000000000000000000000000000000000000000000000000000000000000000000000000000000000000000000000000000000000000000011
10000000000000000000000000000000000000000000000000000000000000000000000000000000000000000000000000000000000000000000000000000000000000000000000000000000000000000000000000000000000011
10000000000000000000000000000000000000000000000000000000000000000000000000000000000000000000000000000000000000000000000000000000000000000000000000000000000000000000000000000000000011
10000000000000000000000000000000000000000000000000000000000000000000000000000000000000000000000000000000000000000000000000000000000000000000000000000000000000000000000000000000000011
10000000000000000000000000000000000000000000000000000000000000000000000000000000000000000000000000000000000000000000000000000000000000000000000000000000000000000000000000000000000011
10000000000000000000000000000000000000000000000000000000000000000000000000000000000000000000000000000000000000000000000000000000000000000000000000000000000000000000000000000000000011
10000000000000000000000000000000000000000000000000000000000000000000000000000000000000000000000000000000000000000000000000000000000000000000000000000000000000000000000000000000000011
10000000000000000000000000000000000000000000000000000000000000000000000000000000000000000000000000000000000000000000000000000000000000000000000000000000000000000000000000000000000011
10000000000000000000000000000000000000000000000000000000000000000000000000000000000000000000000000000000000000000000000000000000000000000000000000000000000000000000000000000000000011
10000000000000000000000000000000000000000000000000000000000000000000000000000000000000000000000000000000000000000000000000000000000000000000000000000000000000000000000000000000000011
10000000000000000000000000000000000000000000000000000000000000000000000000000000000000000000000000000000000000000000000000000000000000000000000000000000000000000000000000000000000011
10000000000000000000000000000000000000000000000000000000000000000000000000000000000000000000000000000000000000000000000000000000000000000000000000000000000000000000000000000000000011
10000000000000000000000000000000000000000000000000000000000000000000000000000000000000000000000000000000000000000000000000000000000000000000000000000000000000000000000000000000000011
10000000000000000000000000000000000000000000000000000000000000000000000000000000000000000000000000000000000000000000000000000000000000000000000000000000000000000000000000000000000011
10000000000000000000000000000000000000000000000000000000000000000000000000000000000000000000000000000000000000000000000000000000000000000000000000000000000000000000000000000000000011
10000000000000000000000000000000000000000000000000000000000000000000000000000000000000000000000000000000000000000000000000000000000000000000000000000000000000000000000000000000000011
10000000000000000000000000000000000000000000000000000000000000000000000000000000000000000000000000000000000000000000000000000000000000000000000000000000000000000000000000000000000011
10000000000000000000000000000000000000000000000000000000000000000000000000000000000000000000000000000000000000000000000000000000000000000000000000000000000000000000000000000000000011
10000000000000000000000000000000000000000000000000000000000000000000000000000000000000000000000000000000000000000000000000000000000000000000000000000000000000000000000000000000000011
10000000000000000000000000000000000000000000000000000000000000000000000000000000000000000000000000000000000000000000000000000000000000000000000000000000000000000000000000000000000011
10000000000000000000000000000000000000000000000000000000000000000000000000000000000000000000000000000000000000000000000000000000000000000000000000000000000000000000000000000000000011
10000000000000000000000000000000000000000000000000000000000000000000000000000000000000000000000000000000000000000000000000000000000000000000000000000000000000000000000000000000000011
10000000000000000000000000000000000000000000000000000000000000000000000000000000000000000000000000000000000000000000000000000000000000000000000000000000000000000000000000000000000011
10000000000000000000000000000000000000000000000000000000000000000000000000000000000000000000000000000000000000000000000000000000000000000000000000000000000000000000000000000000000011
10000000000000000000000000000000000000000000000000000000000000000000000000000000000000000000000000000000000000000000000000000000000000000000000000000000000000000000000000000000000011
10000000000000000000000000000000000000000000000000000000000000000000000000000000000000000000000000000000000000000000000000000000000000000000000000000000000000000000000000000000000011
10000000000000000000000000000000000000000000000000000000000000000000000000000000000000000000000000000000000000000000000000000000000000000000000000000000000000000000000000000000000011
10000000000000000000000000000000000000000000000000000000000000000000000000000000000000000000000000000000000000000000000000000000000000000000000000000000000000000000000000000000000011
10000000000000000000000000000000000000000000000000000000000000000000000000000000000000000000000000000000000000000000000000000000000000000000000000000000000000000000000000000000000011
10000000000000000000000000000000000000000000000000000000000000000000000000000000000000000000000000000000000000000000000000000000000000000000000000000000000000000000000000000000000011
10000000000000000000000000000000000000000000000000000000000000000000000000000000000000000000000000000000000000000000000000000000000000000000000000000000000000000000000000000000000011
10000000000000000000000000000000000000000000000000000000000000000000000000000000000000000000000000000000000000000000000000000000000000000000000000000000000000000000000000000000000011
10000000000000000000000000000000000000000000000000000000000000000000000000000000000000000000000000000000000000000000000000000000000000000000000000000000000000000000000000000000000011
10000000000000000000000000000000000000000000000000000000000000000000000000000000000000000000000000000000000000000000000000000000000000000000000000000000000000000000000000000000000011
10000000000000000000000000000000000000000000000000000000000000000000000000000000000000000000000000000000000000000000000000000000000000000000000000000000000000000000000000000000000011
10000000000000000000000000000000000000000000000000000000000000000000000000000000000000000000000000000000000000000000000000000000000000000000000000000000000000000000000000000000000011
10000000000000000000000000000000000000000000000000000000000000000000000000000000000000000000000000000000000000000000000000000000000000000000000000000000000000000000000000000000000011
10000000000000000000000000000000000000000000000000000000000000000000000000000000000000000000000000000000000000000000000000000000000000000000000000000000000000000000000000000000000011
10000000000000000000000000000000000000000000000000000000000000000000000000000000000000000000000000000000000000000000000000000000000000000000000000000000000000000000000000000000000011
10000000000000000000000000000000000000000000000000000000000000000000000000000000000000000000000000000000000000000000000000000000000000000000000000000000000000000000000000000000000011
10000000000000000000000000000000000000000000000000000000000000000000000000000000000000000000000000000000000000000000000000000000000000000000000000000000000000000000000000000000000011
10000000000000000000000000000000000000000000000000000000000000000000000000000000000000000000000000000000000000000000000000000000000000000000000000000000000000000000000000000000000011
10000000000000000000000000000000000000000000000000000000000000000000000000000000000000000000000000000000000000000000000000000000000000000000000000000000000000000000000000000000000011
10000000000000000000000000000000000000000000000000000000000000000000000000000000000000000000000000000000000000000000000000000000000000000000000000000000000000000000000000000000000011
10000000000000000000000000000000000000000000000000000000000000000000000000000000000000000000000000000000000000000000000000000000000000000000000000000000000000000000000000000000000011
10000000000000000000000000000000000000000000000000000000000000000000000000000000000000000000000000000000000000000000000000000000000000000000000000000000000000000000000000000000000011
10000000000000000000000000000000000000000000000000000000000000000000000000000000000000000000000000000000000000000000000000000000000000000000000000000000000000000000000000000000000011
10000000000000000000000000000000000000000000000000000000000000000000000000000000000000000000000000000000000000000000000000000000000000000000000000000000000000000000000000000000000011
10000000000000000000000000000000000000000000000000000000000000000000000000000000000000000000000000000000000000000000000000000000000000000000000000000000000000000000000000000000000011
10000000000000000000000000000000000000000000000000000000000000000000000000000000000000000000000000000000000000000000000000000000000000000000000000000000000000000000000000000000000011
10000000000000000000000000000000000000000000000000000000000000000000000000000000000000000000000000000000000000000000000000000000000000000000000000000000000000000000000000000000000011
10000000000000000000000000000000000000000000000000000000000000000000000000000000000000000000000000000000000000000000000000000000000000000000000000000000000000000000000000000000000011
10000000000000000000000000000000000000000000000000000000000000000000000000000000000000000000000000000000000000000000000000000000000000000000000000000000000000000000000000000000000011
10000000000000000000000000000000000000000000000000000000000000000000000000000000000000000000000000000000000000000000000000000000000000000000000000000000000000000000000000000000000011
10000000000000000000000000000000000000000000000000000000000000000000000000000000000000000000000000000000000000000000000000000000000000000000000000000000000000000000000000000000000011
10000000000000000000000000000000000000000000000000000000000000000000000000000000000000000000000000000000000000000000000000000000000000000000000000000000000000000000000000000000000011
10000000000000000000000000000000000000000000000000000000000000000000000000000000000000000000000000000000000000000000000000000000000000000000000000000000000000000000000000000000000011
10000000000000000000000000000000000000000000000000000000000000000000000000000000000000000000000000000000000000000000000000000000000000000000000000000000000000000000000000000000000011
10000000000000000000000000000000000000000000000000000000000000000000000000000000000000000000000000000000000000000000000000000000000000000000000000000000000000000000000000000000000011
10000000000000000000000000000000000000000000000000000000000000000000000000000000000000000000000000000000000000000000000000000000000000000000000000000000000000000000000000000000000011
10000000000000000000000000000000000000000000000000000000000000000000000000000000000000000000000000000000000000000000000000000000000000000000000000000000000000000000000000000000000011
10000000000000000000000000000000000000000000000000000000000000000000000000000000000000000000000000000000000000000000000000000000000000000000000000000000000000000000000000000000000011
10000000000000000000000000000000000000000000000000000000000000000000000000000000000000000000000000000000000000000000000000000000000000000000000000000000000000000000000000000000000011
10000000000000000000000000000000000000000000000000000000000000000000000000000000000000000000000000000000000000000000000000000000000000000000000000000000000000000000000000000000000011
10000000000000000000000000000000000000000000000000000000000000000000000000000000000000000000000000000000000000000000000000000000000000000000000000000000000000000000000000000000000011
10000000000000000000000000000000000000000000000000000000000000000000000000000000000000000000000000000000000000000000000000000000000000000000000000000000000000000000000000000000000011
10000000000000000000000000000000000000000000000000000000000000000000000000000000000000000000000000000000000000000000000000000000000000000000000000000000000000000000000000000000000011
10000000000000000000000000000000000000000000000000000000000000000000000000000000000000000000000000000000000000000000000000000000000000000000000000000000000000000000000000000000000011
10000000000000000000000000000000000000000000000000000000000000000000000000000000000000000000000000000000000000000000000000000000000000000000000000000000000000000000000000000000000011
10000000000000000000000000000000000000000000000000000000000000000000000000000000000000000000000000000000000000000000000000000000000000000000000000000000000000000000000000000000000011
10000000000000000000000000000000000000000000000000000000000000000000000000000000000000000000000000000000000000000000000000000000000000000000000000000000000000000000000000000000000011
10000000000000000000000000000000000000000000000000000000000000000000000000000000000000000000000000000000000000000000000000000000000000000000000000000000000000000000000000000000000011
10000000000000000000000000000000000000000000000000000000000000000000000000000000000000000000000000000000000000000000000000000000000000000000000000000000000000000000000000000000000011
10000000000000000000000000000000000000000000000000000000000000000000000000000000000000000000000000000000000000000000000000000000000000000000000000000000000000000000000000000000000011
10000000000000000000000000000000000000000000000000000000000000000000000000000000000000000000000000000000000000000000000000000000000000000000000000000000000000000000000000000000000011
10000000000000000000000000000000000000000000000000000000000000000000000000000000000000000000000000000000000000000000000000000000000000000000000000000000000000000000000000000000000011
10000000000000000000000000000000000000000000000000000000000000000000000000000000000000000000000000000000000000000000000000000000000000000000000000000000000000000000000000000000000011
10000000000000000000000000000000000000000000000000000000000000000000000000000000000000000000000000000000000000000000000000000000000000000000000000000000000000000000000000000000000011
10000000000000000000000000000000000000000000000000000000000000000000000000000000000000000000000000000000000000000000000000000000000000000000000000000000000000000000000000000000000011
10000000000000000000000000000000000000000000000000000000000000000000000000000000000000000000000000000000000000000000000000000000000000000000000000000000000000000000000000000000000011
10000000000000000000000000000000000000000000000000000000000000000000000000000000000000000000000000000000000000000000000000000000000000000000000000000000000000000000000000000000000011
10000000000000000000000000000000000000000000000000000000000000000000000000000000000000000000000000000000000000000000000000000000000000000000000000000000000000000000000000000000000011
10000000000000000000000000000000000000000000000000000000000000000000000000000000000000000000000000000000000000000000000000000000000000000000000000000000000000000000000000000000000011
10000000000000000000000000000000000000000000000000000000000000000000000000000000000000000000000000000000000000000000000000000000000000000000000000000000000000000000000000000000000011
10000000000000000000000000000000000000000000000000000000000000000000000000000000000000000000000000000000000000000000000000000000000000000000000000000000000000000000000000000000000011
10000000000000000000000000000000000000000000000000000000000000000000000000000000000000000000000000000000000000000000000000000000000000000000000000000000000000000000000000000000000011
10000000000000000000000000000000000000000000000000000000000000000000000000000000000000000000000000000000000000000000000000000000000000000000000000000000000000000000000000000000000011
10000000000000000000000000000000000000000000000000000000000000000000000000000000000000000000000000000000000000000000000000000000000000000000000000000000000000000000000000000000000011
10000000000000000000000000000000000000000000000000000000000000000000000000000000000000000000000000000000000000000000000000000000000000000000000000000000000000000000000000000000000011
10000000000000000000000000000000000000000000000000000000000000000000000000000000000000000000000000000000000000000000000000000000000000000000000000000000000000000000000000000000000011
10000000000000000000000000000000000000000000000000000000000000000000000000000000000000000000000000000000000000000000000000000000000000000000000000000000000000000000000000000000000011
10000000000000000000000000000000000000000000000000000000000000000000000000000000000000000000000000000000000000000000000000000000000000000000000000000000000000000000000000000000000011
10000000000000000000000000000000000000000000000000000000000000000000000000000000000000000000000000000000000000000000000000000000000000000000000000000000000000000000000000000000000011
10000000000000000000000000000000000000000000000000000000000000000000000000000000000000000000000000000000000000000000000000000000000000000000000000000000000000000000000000000000000011
10000000000000000000000000000000000000000000000000000000000000000000000000000000000000000000000000000000000000000000000000000000000000000000000000000000000000000000000000000000000011
10000000000000000000000000000000000000000000000000000000000000000000000000000000000000000000000000000000000000000000000000000000000000000000000000000000000000000000000000000000000011
10000000000000000000000000000000000000000000000000000000000000000000000000000000000000000000000000000000000000000000000000000000000000000000000000000000000000000000000000000000000011
10000000000000000000000000000000000000000000000000000000000000000000000000000000000000000000000000000000000000000000000000000000000000000000000000000000000000000000000000000000000011
100000000000000000000000000000000000000000000000000000000000000000000000000000000000000000470000000000000000000000000000000000000000000000000000000000000000000000000000000000000000011
10000000000000000000000000000000000000000000000000000000000000000000000000000000000000000474747000000000000000000000000000000000000000000000000000000000000000000000000000000000000000011
1000000000000000000000000000000000000000000000000000000000000000000000000000000000000000474747474700000000000000000000000000000000000000000000000000000000000000000000000000000000000000011
10000000000000000000000000000000000000000000000000000000000000000000000000000000000000004747474747470000000000000000000000000000000000000000000000000000000000000000000000000000000000000011
1000000000000000000000000000000000000000000000000000000000000000000000000000000000000004747474747474747000000000000000000000000000000000000000000000000000000000000000000000000000000000000011
100000000000000000000000000000000000000000000000000000000000000000000000000000000000004747474747474747474700000000000000000000000000000000000000000000000000000000000000000000000000000000000011
1000000000000000000000000000000000000000000000000000000000000000000000000000000000000474747474747474747474700000000000000000000000000000000000000000000000000000000000000000000000000000000000011
100000000000000000000000000000000000000000000000000000000000000000000000000000000000474747474747474747474747470000000000000000000000000000000000000000000000000000000000000000000000000000000000011
10000000000000000000000000000000000000000000000000000000000000000000000000000000000474747474747474747474747474747000000000000000000000000000000000000000000000000000000000000000000000000000000000011
100000000000000000000000000000000000000000000000000000000000000000000000000000000004747474747474747474747474747474700000000000000000000000000000000000000000000000000000000000000000000000000000000011
10000000000000000000000000000000000000000000000000000000000000000000000000000000004747474747474747474747474747474747470000000000000000000000000000000000000000000000000000000000000000000000000000000011
100000000000000000000000000000000000000000000000000000000000000000000000000000000474747474747474747474747474747474747470000000000000000000000000000000000000000000000000000000000000000000000000000000011
10000000000000000000000000000000000000000000000000000000000000000000000000000000474747474747474747474747474747474747474747000000000000000000000000000000000000000000000000000000000000000000000000000000011
1000000000000000000000000000000000000000000000000000000000000000000000000000000474747474747474747474747474747474747474747474700000000000000000000000000000000000000000000000000000000000000000000000000000011
100000000000000000000000000000000000000000000000000000000000000000000000000000474747474747474747474747474747474747474747474747470000000000000000000000000000000000000000000000000000000000000000000000000000011
1000000000000000000000000000000000000000000000000000000000000000000000000000004747474747474747474747474747474747474747474747474747000000000000000000000000000000000000000000000000000000000000000000000000000011
100000000000000000000000000000000000000000000000000000000000000000000000000004747474747474747474747474747474747474747474747474747474700000000000000000000000000000000000000000000000000000000000000000000000000011
10000000000000000000000000000000000000000000000000000000000000000000000000004747474747474747474747474747474747474747474747474747474747000000000000000000000000000000000000000000000000000000000006200000000000000011
100000000000000000000000000000000000000000000000000000000000000000000000000474747474747474747474747474747474747474747474747474747474747470000000000000000000000000000000000000000000000000000000006262620000000000000011
100000000000000000000000000000000000000000000000000000000000000000000000004747474747474747474747474747474747474747474747474747474747474747470000000000000000000000000000000000000000000000000000000062626262000000000000011
1000000000000000000000000000000000000000000000000000000000000000000000000474747474747474747474747474747474747474747474747474747474747474747474700000000000000000000000000000000000000000000000000000062626262626200000000000011
100000000000000000000000000000000000000000000000000000000000000000000000047474747474747474747474747474747474747474747474747474747474747474747474700000000000000000000000000000000000000000000000000006262626262626200000000000011
100000000000000000000000000000000000000000000000000000000000000000000000474747474747474747474747474747474747474747474747474747474747474747474747470000000000000000000000000000000000000000000000000006262626262626262620000000000011
10000000000000000000000000000000000000000000000000000000000000000000000047474747474747474747474747474747474747474747474747474747474747474747474747000000000000000000000000000000000000000000000000006262626262626262626262000000000011
10000000000000000000000000000000000000000000000000000000000000000000000004747474747474747474747474747474747474747474747474747474747474747474747000000000000000000000000000000000000000000000000006262626262626262626262626200000000011
100000000000000000000000000000000000000000000000000000000000000000000000004747474747474747474747474747474747474747474747474747474747474747474700000000000000000000000000000000000000000000000006262626262626262626262626262620000000011
1000000000000000000000000000000000000000000000000000000000000000000000000004747474747474747474747474747474747474747474747474747474747474747000000000000000000000000000000000000000000000000006262626262626262626262626262620000000011
1000000000000000000000000000000000000000000000000000000000000000000000000004747474747474747474747474747474747474747474747474747474747474700000000000000000000000000000000000000000000000000006262626262626262626262626200000000011
100000000000000000000000000000000000000000000000000000000000000000000000000047474747474747474747474747474747474747474747474747474747470000000000000000000000000000000000000000000000000000006262626262626262626262000000000011
100000000000000000000000000000000000000000000000000000000000000000000000000004747474747474747474747474747474747474747474747474747470000000000000000000000000000000000000000000000000000000062626262626262626262000000000011
1000000000000000000000000000000000000000000000000000000000000000000000000000004747474747474747474747474747474747474747474747474747000000000000000000000000000000000000000000000000000000006262626262626262620000000000011
100000000000000000000000000000000000000000000000000000000000000000000000000000047474747474747474747474747474747474747474747474700000000000000000000000000000000000000000000000000000000006262626262626200000000000011
100000000000000000000000000000000000000000000000000000000000000000000000000000047474747474747474747474747474747474747474747470000000000000000000000000000000000000000000000000000000000006262626262000000000000011
10000000000000000000000000000000000000000000000000000000000000000000000000000000474747474747474747474747474747474747474747000000000000000000000000000000000000000000000000000000000000006262620000000000000011
1000000000000000000000000000000000000000000000000000000000000000000000000000000004747474747474747474747474747474747474700000000000000000000000000000000000000000000000000000000000000006200000000000000011
1000000000000000000000000000000000000000000000000000000000000000000000000000000000474747474747474747474747474747474700000000000000000000000000000000000000000000000000000000000000000000000000000000011
100000000000000000000000000000000000000000000000000000000000000000000000000000000004747474747474747474747474747474700000000000000000000000000000000000000000000000000000000000000000000000000000000011
10000000000000000000000000000000000000000000000000000000000000000000000000000000000474747474747474747474747474747000000000000000000000000000000000000000000000000000000000000000000000000000000000011
100000000000000000000000000000000000000000000000000000000000000000000000000000000000474747474747474747474747470000000000000000000000000000000000000000000000000000000000000000000000000000000000011
1000000000000000000000000000000000000000000000000000000000000000000000000000000000000474747474747474747474700000000000000000000000000000000000000000000000000000000000000000000000000000000000011
100000000000000000000000000000000000000000000000000000000000000000000000000000000000004747474747474747470000000000000000000000000000000000000000000000000000000000000747474747474747474747474747474740000000011
1000000000000000000000000000000000000000000000000000000000000000000000000000000000000004747474747474700000000000000000000000000000000000000000000000000000000000000747474747474747474747474747474740000000011
10000000000000000000000000000000000000000000000000000000000000000000000000000000000000004747474747470000000000000000000000000000000000000000000000000000000000000074747400000000007474740000000011
100000000000000000000000000000000000000000000000000000000000000000000000000000000000000047474747470000000000000000000000000000000000000000000000000000000000000007474740000000000074740000000011
1000000000000000000000000000000000000000000000000000000000000000000000000000000000000000047474700000000000000000000000000000000000000000000000000000000000000007474740000000000074740000000011
100000000000000000000000000000000000000000000000000000000000000000000000000000000000000000470000000000000000000000000000000000000000000000000000000000000000074747400000000007474740000000011
1000000000000000000000000000000000000000000000000000000000000000000000000000000000000000000000000000000000000000000000000000000000000000000000000000000000000000000000000747400000000011
10000000000000000000000000000000000000000000000000000000000000000000000000000000000000000000000000000000000000000000000000000000000000000000000000000000000000000000000074747400000000011
10000000000000000000000000000000000000000000000000000000000000000000000000000000000000000000000000000000000000000000000000000000000000000000000000000000000000000000000747474000000000011
10000000000000000000000000000000000000000000000000000000000000000000000000000000000000000000000000000000000000000000000000000000000000000000000000000000000000000000007474740000000000011
10000000000000000000000000000000000000000000000000000000000000000000000000000000000000000000000000000000000000000000000000000000000000000000000000000000000000000000074747400000000000011
100000000000000000000000000000000000000000000000000000000000000000000000000000000000000000000000000000000000000000000000000000000000000000000000000000000000000000074747474000000000000011
1000000000000000000000000000000000000000000000000000000000000000000000000000000000000000000000000000000000000000000000000000000000000000000000000000000000000000074747474740000000000000011
1000000000000000000000000000000000000000000000000000000000000000000000000000000000000000000000000000000000000000000000000000000000000000000000000000000000000007474747474000000000000000011
1000000000000000000000000000000000000000000000000000000000000000000000000000000000000000000000000000000000000000000000000000000000000000000000000000000000000074747474740000000000000000011
10000000000000000000000000000000000000000000000000000000000000000000000000000000000000000000000000000000000000000000000000000000000000000000000000000000000000747474000000000000000000011
10000000000000000000000000000000000000000000000000000000000000000000000000000000000000000000000000000000000000000000000000000000000000000000000000000000000007474740000000000000000000011
1000000000000000000000000000000000000000000000000000000000000000000000000000000000000000000000000000000000000000000000000000000000000000000000000000000000000747400000000000000000000011
10000000000000000000000000000000000000000000000000000000000000000000000000000000000000000000000000000000000000000000000000000000000000000000000000000000000074747400000000000000000000011
10000000000000000000000000000000000000000000000000000000000000000000000000000000000000000000000000000000000000000000000000000000000000000000000000000000000074747400000000000000000000011
100000000000000000000000000000000000000000000000000000000000000000000000000000000000000000000000000000000000000000000000000000000000000000000000000000000000747400000000000074740000000011
10000000000000000000000000000000000000000000000000000000000000000000000000000000000000000000000000000000000000000000000000000000000000000000000000000000000074747400000000007474740000000011
10000000000000000000000000000000000000000000000000000000000000000000000000000000000000000000000000000000000000000000000000000000000000000000000000000000000074747400000000007474740000000011
10000000000000000000000000000000000000000000000000000000000000000000000000000000000000000000000000000000000000000000000000000000000000000000000000000000000074747400000000074747400000000011
100000000000000000000000000000000000000000000000000000000000000000000000000000000000000000000000000000000000000000000000000000000000000000000000000000000000074747400000007474747400000000011
10000000000000000000000000000000000000000000000000000000000000000000000000000000000000000000000000000000000000000000000000000000000000000000000000000000000000747474740007474747474000000000011
100000000000000000000000000000000000000000000000000000000000000000000000000000000000000000000000000000000000000000000000000000000000000000000000000000000000000747474747474747474740000000000011
100000000000000000000000000000000000000000000000000000000000000000000000000000000000000000000000000000000000000000000000000000000000000000000000000000000000000074747474747474000000000000011
10000000000000000000000000000000000000000000000000000000000000000000000000000000000000000000000000000000000000000000000000000000000000000000000000000000000000000000000000000000000011
10000000000000000000000000000000000000000000000000000000000000000000000000000000000000000000000000000000000000000000000000000000000000000000000000000000000000000000000000000000000011
10000000000000000000000000000000000000000000000000000000000000000000000000000000000000000000000000000000000000000000000000000000000000000000000000000000000000000000000000000000000011
11000000000000000000000000000000000000000000000000000000000000000000000000000000000000000000000000000000000000000000000000000000000000000000000000000000000000000000000000000000000111
11000000000000000000000000000000000000000000000000000000000000000000000000000000000000000000000000000000000000000000000000000000000000000000000000000000000000000000000000000000000111
11000000000000000000000000000000000000000000000000000000000000000000000000000000000000000000000000000000000000000000000000000000000000000000000000000000000000000000000000000000000111
11100000000000000000000000000000000000000000000000000000000000000000000000000000000000000000000000000000000000000000000000000000000000000000000000000000000000000000000000000000001111
11100000000000000000000000000000000000000000000000000000000000000000000000000000000000000000000000000000000000000000000000000000000000000000000000000000000000000000000000000000011111
11110000000000000000000000000000000000000000000000000000000000000000000000000000000000000000000000000000000000000000000000000000000000000000000000000000000000000000000000000000011111
11111000000000000000000000000000000000000000000000000000000000000000000000000000000000000000000000000000000000000000000000000000000000000000000000000000000000000000000000000000111111
11111100000000000000000000000000000000000000000000000000000000000000000000000000000000000000000000000000000000000000000000000000000000000000000000000000000000000000000000000001111111
11111110000000000000000000000000000000000000000000000000000000000000000000000000000000000000000000000000000000000000000000000000000000000000000000000000000000000000000000000111111111
11111111000000000000000000000000000000000000000000000000000000000000000000000000000000000000000000000000000000000000000000000000000000000000000000000000000000000000000000001111111111
11111111110000000000000000000000000000000000000000000000000000000000000000000000000000000000000000000000000000000000000000000000000000000000000000000000000000000000000001111111111111
11111111111111111111111111111111111111111111111111111111111111111111111111111111111111111111111111111111111111111111111111111111111111111111111111111111111111111111111111111111111111
